20080728,20080803,0.06
20080804,20080810,0.10
20080811,20080817,0.19
20080818,20080824,-0.02
20080825,20080831,-0.07
20080901,20080907,-0.14
20080908,20080914,-0.19
20080915,20080921,-0.24
20080922,20080928,-0.41
20080929,20081005,-0.32
20081006,20081012,-0.28
20081013,20081019,-0.40
20081020,20081026,-0.52
20081027,20081102,-0.46
20081103,20081109,-0.39
20081110,20081116,-0.49
20081117,20081123,-0.49
20081124,20081130,-0.58
20081201,20081207,-0.68
20081208,20081214,-0.85
20081215,20081221,-0.89
20081222,20081228,-1.02
20081229,20090104,-1.14
20090105,20090111,-1.14
20090112,20090118,-1.10
20090119,20090125,-0.74
20090126,20090201,-0.85
20090202,20090208,-0.98
20090209,20090215,-0.83
20090216,20090222,-0.61
20090223,20090301,-0.62
20090302,20090308,-0.69
20090309,20090315,-0.59
20090316,20090322,-0.80
20090323,20090329,-0.65
20090330,20090405,-0.48
20090406,20090412,-0.37
20090413,20090419,-0.40
20090420,20090426,-0.37
20090427,20090503,-0.12
20090504,20090510,0.07
20090511,20090517,0.15
20090518,20090524,0.15
20090525,20090531,0.14
20090601,20090607,0.09
20090608,20090614,0.33
20090615,20090621,0.52
20090622,20090628,0.66
20090629,20090705,0.67
20090706,20090712,0.65
20090713,20090719,0.62
20090720,20090726,0.75
20090727,20090802,0.63
20090803,20090809,0.68
20090810,20090816,0.71
20090817,20090823,0.78
20090824,20090830,0.87
20090831,20090906,0.87
20090907,20090913,0.84
20090914,20090920,0.77
20090921,20090927,0.73
20090928,20091004,0.63
20091005,20091011,0.74
20091012,20091018,0.78
20091019,20091025,0.99
20091026,20091101,1.20
20091102,20091108,1.47
20091109,20091115,1.36
20091116,20091122,1.39
20091123,20091129,1.45
20091130,20091206,1.49
20091207,20091213,1.50
20091214,20091220,1.44
20091221,20091227,1.67
20091228,20100103,1.59
20100104,20100110,1.55
20100111,20100117,1.51
20100118,20100124,1.27
20100125,20100131,1.18
20100201,20100207,0.86
20100208,20100214,0.93
20100215,20100221,0.88
20100222,20100228,1.05
20100301,20100307,0.90
20100308,20100314,0.85
20100315,20100321,0.86
20100322,20100328,0.72
20100329,20100404,0.54
20100405,20100411,0.41
20100412,20100418,0.46
20100419,20100425,0.27
20100426,20100502,0.17
20100503,20100509,0.01
20100510,20100516,-0.26
20100517,20100523,-0.52
20100524,20100530,-0.50
20100531,20100606,-0.62
20100607,20100613,-0.67
20100614,20100620,-0.81
20100621,20100627,-0.88
20100628,20100704,-0.97
20100705,20100711,-1.15
20100712,20100718,-1.14
20100719,20100725,-1.18
20100726,20100801,-1.31
20100802,20100808,-1.20
20100809,20100815,-1.18
20100816,20100822,-1.34
20100823,20100829,-1.60
20100830,20100905,-1.58
20100906,20100912,-1.56
20100913,20100919,-1.62
20100920,20100926,-1.52
20100927,20101003,-1.65
20101004,20101010,-1.88
20101011,20101017,-1.85
20101018,20101024,-1.77
20101025,20101031,-1.70
20101101,20101107,-1.76
20101108,20101114,-1.73
20101115,20101121,-1.81
20101122,20101128,-1.79
20101129,20101205,-1.74
20101206,20101212,-1.81
20101213,20101219,-1.78
20101220,20101226,-1.84
20101227,20110102,-1.83
20110103,20110109,-1.65
20110110,20110116,-1.87
20110117,20110123,-1.68
20110124,20110130,-1.61
20110131,20110206,-1.37
20110207,20110213,-1.16
20110214,20110220,-1.31
20110221,20110227,-1.32
20110228,20110306,-1.31
20110307,20110313,-1.06
20110314,20110320,-1.10
20110321,20110327,-1.23
20110328,20110403,-1.09
20110404,20110410,-0.86
20110411,20110417,-0.81
20110418,20110424,-0.70
20110425,20110501,-0.67
20110502,20110508,-0.65
20110509,20110515,-0.50
20110516,20110522,-0.33
20110523,20110529,-0.38
20110530,20110605,-0.32
20110606,20110612,-0.27
20110613,20110619,-0.25
20110620,20110626,-0.28
20110627,20110703,-0.36
20110704,20110710,-0.41
20110711,20110717,-0.23
20110718,20110724,-0.39
20110725,20110731,-0.37
20110801,20110807,-0.48
20110808,20110814,-0.66
20110815,20110821,-0.72
20110822,20110828,-0.62
20110829,20110904,-0.60
20110905,20110911,-0.63
20110912,20110918,-0.77
20110919,20110925,-0.81
20110926,20111002,-0.88
20111003,20111009,-1.03
20111010,20111016,-0.94
20111017,20111023,-0.87
20111024,20111030,-1.19
20111031,20111106,-1.26
20111107,20111113,-1.29
20111114,20111120,-1.23
20111121,20111127,-1.22
20111128,20111204,-1.17
20111205,20111211,-1.13
20111212,20111218,-1.00
20111219,20111225,-0.99
20111226,20120101,-0.96
20120102,20120108,-1.02
20120109,20120115,-1.05
20120116,20120122,-1.07
20120123,20120129,-1.05
20120130,20120205,-1.20
20120206,20120212,-0.99
20120213,20120219,-0.64
20120220,20120226,-0.54
20120227,20120304,-0.42
20120305,20120311,-0.68
20120312,20120318,-0.79
20120319,20120325,-0.77
20120326,20120401,-0.65
20120402,20120408,-0.52
20120409,20120415,-0.38
20120416,20120422,-0.43
20120423,20120429,-0.30
20120430,20120506,-0.20
20120507,20120513,-0.08
20120514,20120520,-0.13
20120521,20120527,-0.11
20120528,20120603,-0.06
20120604,20120610,0.02
20120611,20120617,0.12
20120618,20120624,0.34
20120625,20120701,0.45
20120702,20120708,0.40
20120709,20120715,0.36
20120716,20120722,0.51
20120723,20120729,0.54
20120730,20120805,0.60
20120806,20120812,0.74
20120813,20120819,0.82
20120820,20120826,0.79
20120827,20120902,0.82
20120903,20120909,0.74
20120910,20120916,0.54
20120917,20120923,0.33
20120924,20120930,0.19
20121001,20121007,0.12
20121008,20121014,0.12
20121015,20121021,0.25
20121022,20121028,0.29
20121029,20121104,0.31
20121105,20121111,0.16
20121112,20121118,0.15
20121119,20121125,0.16
20121126,20121202,0.09
20121203,20121209,0.17
20121210,20121216,0.19
20121217,20121223,-0.10
20121224,20121230,-0.13
20121231,20130106,-0.25
20130107,20130113,-0.37
20130114,20130120,-0.38
20130121,20130127,-0.40
20130128,20130203,-0.48
20130204,20130210,-0.41
20130211,20130217,-0.39
20130218,20130224,-0.47
20130225,20130303,-0.26
20130304,20130310,-0.21
20130311,20130317,-0.30
20130318,20130324,-0.15
20130325,20130331,-0.16
20130401,20130407,-0.10
20130408,20130414,-0.22
20130415,20130421,-0.24
20130422,20130428,-0.12
20130429,20130505,-0.15
20130506,20130512,-0.25
20130513,20130519,-0.46
20130520,20130526,-0.47
20130527,20130602,-0.29
20130603,20130609,-0.27
20130610,20130616,-0.27
20130617,20130623,-0.47
20130624,20130630,-0.33
20130701,20130707,-0.39
20130708,20130714,-0.45
20130715,20130721,-0.50
20130722,20130728,-0.31
20130729,20130804,-0.25
20130805,20130811,-0.38
20130812,20130818,-0.39
20130819,20130825,-0.38
20130826,20130901,-0.13
20130902,20130908,0.01
20130909,20130915,0.02
20130916,20130922,-0.08
20130923,20130929,-0.21
20130930,20131006,-0.33
20131007,20131013,-0.48
20131014,20131020,-0.34
20131021,20131027,-0.29
20131028,20131103,-0.03
20131104,20131110,-0.03
20131111,20131117,-0.08
20131118,20131124,0.05
20131125,20131201,0.00
20131202,20131208,0.15
20131209,20131215,-0.02
20131216,20131222,-0.07
20131223,20131229,-0.13
20131230,20140105,-0.17
20140106,20140112,-0.27
20140113,20140119,-0.40
20140120,20140126,-0.37
20140127,20140202,-0.45
20140203,20140209,-0.43
20140210,20140216,-0.51
20140217,20140223,-0.60
20140224,20140302,-0.48
20140303,20140309,-0.40
20140310,20140316,-0.23
20140317,20140323,-0.21
20140324,20140330,-0.01
20140331,20140406,0.09
20140407,20140413,0.08
20140414,20140420,0.10
20140421,20140427,0.17
20140428,20140504,0.24
20140505,20140511,0.33
20140512,20140518,0.32
20140519,20140525,0.36
20140526,20140601,0.37
20140602,20140608,0.34
20140609,20140615,0.21
20140616,20140622,0.32
20140623,20140629,0.36
20140630,20140706,0.17
20140707,20140713,0.01
20140714,20140720,-0.04
20140721,20140727,-0.19
20140728,20140803,0.04
20140804,20140810,0.19
20140811,20140817,0.15
20140818,20140824,0.37
20140825,20140831,0.40
20140901,20140907,0.35
20140908,20140914,0.44
20140915,20140921,0.51
20140922,20140928,0.32
20140929,20141005,0.39
20141006,20141012,0.41
20141013,20141019,0.46
20141020,20141026,0.39
20141027,20141102,0.46
20141103,20141109,0.57
20141110,20141116,0.66
20141117,20141123,0.79
20141124,20141130,0.70
20141201,20141207,0.71
20141208,20141214,0.78
20141215,20141221,0.80
20141222,20141228,0.63
20141229,20150104,0.45
20150105,20150111,0.41
20150112,20150118,0.48
20150119,20150125,0.56
20150126,20150201,0.47
20150202,20150208,0.52
20150209,20150215,0.44
20150216,20150222,0.42
20150223,20150301,0.64
20150302,20150308,0.45
20150309,20150315,0.23
20150316,20150322,0.45
20150323,20150329,0.50
20150330,20150405,0.40
20150406,20150412,0.45
20150413,20150419,0.75
20150420,20150426,0.73
20150427,20150503,0.73
20150504,20150510,0.65
20150511,20150517,0.68
20150518,20150524,0.82
20150525,20150531,0.98
20150601,20150607,1.05
20150608,20150614,1.15
20150615,20150621,0.97
20150622,20150628,1.03
20150629,20150705,1.13
20150706,20150712,1.35
20150713,20150719,1.47
20150720,20150726,1.38
20150727,20150802,1.69
20150803,20150809,1.79
20150810,20150816,1.87
20150817,20150823,2.01
20150824,20150830,2.20
20150831,20150906,2.19
20150907,20150913,2.27
20150914,20150920,2.25
20150921,20150927,2.18
20150928,20151004,2.24
20151005,20151011,2.28
20151012,20151018,2.28
20151019,20151025,2.35
20151026,20151101,2.53
20151102,20151108,2.59
20151109,20151115,2.64
20151116,20151122,2.77
20151123,20151129,2.52
20151130,20151206,2.52
20151207,20151213,2.40
20151214,20151220,2.55
20151221,20151227,2.17
20151228,20160103,2.26
20160104,20160110,2.17
20160111,20160117,2.45
20160118,20160124,2.40
20160125,20160131,2.40
20160201,20160207,2.24
20160208,20160214,2.11
20160215,20160221,1.83
20160222,20160228,1.51
20160229,20160306,1.45
20160307,20160313,1.47
20160314,20160320,1.30
20160321,20160327,1.14
20160328,20160403,1.13
20160404,20160410,0.92
20160411,20160417,0.98
20160418,20160424,0.90
20160425,20160501,0.62
20160502,20160508,0.61
20160509,20160515,0.49
20160516,20160522,0.03
20160523,20160529,-0.14
20160530,20160605,-0.18
20160606,20160612,-0.08
20160613,20160619,0.04
20160620,20160626,-0.48
20160627,20160703,-0.47
20160704,20160710,-0.54
20160711,20160717,-0.48
20160718,20160724,-0.43
20160725,20160731,-0.48
20160801,20160807,-0.46
20160808,20160814,-0.64
20160815,20160821,-0.57
20160822,20160828,-0.62
20160829,20160904,-0.51
20160905,20160911,-0.54
20160912,20160918,-0.72
20160919,20160925,-0.55
20160926,20161002,-0.67
20161003,20161009,-0.85
20161010,20161016,-0.69
20161017,20161023,-0.71
20161024,20161030,-0.73
20161031,20161106,-0.81
20161107,20161113,-0.69
20161114,20161120,-0.49
20161121,20161127,-0.50
20161128,20161204,-0.48
20161205,20161211,-0.38
20161212,20161218,-0.41
20161219,20161225,-0.40
20161226,20170101,-0.34
20170102,20170108,-0.51
20170109,20170115,-0.39
20170116,20170122,-0.19
20170123,20170129,-0.26
20170130,20170205,-0.40
20170206,20170212,-0.23
20170213,20170219,0.13
20170220,20170226,0.14
20170227,20170305,0.09
20170306,20170312,-0.01
20170313,20170319,0.01
20170320,20170326,0.03
20170327,20170402,0.03
20170403,20170409,0.03
20170410,20170416,0.08
20170417,20170423,0.34
20170424,20170430,0.34
20170501,20170507,0.38
20170508,20170514,0.46
20170515,20170521,0.34
20170522,20170528,0.38
20170529,20170604,0.37
20170605,20170611,0.35
20170612,20170618,0.40
20170619,20170625,0.44
20170626,20170702,0.43
20170703,20170709,0.48
20170710,20170716,0.44
20170717,20170723,0.32
20170724,20170730,0.21
20170731,20170806,0.14
20170821,20170827,-0.09
20170828,20170903,-0.21
20170904,20170910,-0.38
20170911,20170917,-0.45
20170918,20170924,-0.47
20170925,20171001,-0.21
20171002,20171008,-0.17
20171009,20171015,-0.55
20171016,20171022,-0.79
20171023,20171029,-0.65
20171030,20171105,-0.64
20171106,20171112,-0.89
20171113,20171119,-0.83
20171120,20171126,-0.98
20171127,20171203,-1.14
20171204,20171210,-1.05
20171211,20171217,-1.01
20171218,20171224,-0.91
20171225,20171231,-0.82
20180101,20180107,-0.97
20180108,20180114,-0.84
20180115,20180121,-0.72
20180122,20180128,-0.67
20180129,20180204,-0.74
20180205,20180211,-0.67
20180212,20180218,-0.78
20180219,20180225,-0.76
20180226,20180304,-0.75
20180305,20180311,-0.82
20180312,20180318,-0.83
20180319,20180325,-1.01
20180326,20180401,-0.81
20180402,20180408,-0.65
20180409,20180415,-0.58
20180416,20180422,-0.66
20180423,20180429,-0.56
20180430,20180506,-0.44
20180507,20180513,-0.32
20180514,20180520,-0.07
20180521,20180527,-0.07
20180528,20180603,-0.13
20180604,20180610,-0.11
20180611,20180617,0.07
20180618,20180624,0.27
20180625,20180701,0.36
20180702,20180708,0.25
20180709,20180715,0.32
20180716,20180722,0.30
20180723,20180729,0.37
20180730,20180805,0.24
20180806,20180812,0.20
20180813,20180819,0.27
20180820,20180826,0.28
20180827,20180902,0.25
20180903,20180909,0.34
20180910,20180916,0.21
20180917,20180923,0.14
20180924,20180930,0.44
20181001,20181007,0.66
20181008,20181014,0.77
20181015,20181021,0.69
20181022,20181028,0.71
20181029,20181104,0.82
20181105,20181111,0.87
20181112,20181118,0.76
20181119,20181125,0.69
20181126,20181202,0.81
20181203,20181209,1.02
20181210,20181216,0.78
20181217,20181223,0.71
20181224,20181230,0.77
20181231,20190106,0.66
20190107,20190113,0.62
20190114,20190120,0.47
20190121,20190127,0.45
20190128,20190203,0.50
20190204,20190210,0.43
20190211,20190217,0.57
20190218,20190224,0.65
20190225,20190303,0.83
20190304,20190310,0.82
20190311,20190317,0.78
20190318,20190324,0.82
20190325,20190331,0.67
20190401,20190407,0.62
20190408,20190414,0.59
20190415,20190421,0.68
20190422,20190428,0.61
20190429,20190505,0.65
20190506,20190512,0.68
20190513,20190519,0.65
20190520,20190526,0.65
20190527,20190602,0.75
20190603,20190609,0.67
20190610,20190616,0.64
20190617,20190623,0.47
20190624,20190630,0.32
20190701,20190707,0.48
20190708,20190714,0.50
20190715,20190721,0.40
20190722,20190728,0.38
20190729,20190804,0.33
20190805,20190811,0.16
20190812,20190818,0.10
20190819,20190825,-0.00
20190826,20190901,-0.11
20190902,20190908,-0.17
20190909,20190915,-0.30
20190916,20190922,0.01
20190923,20190929,0.17
20190930,20191006,0.38
20191007,20191013,0.44
20191014,20191020,0.56
20191021,20191027,0.67
20191028,20191103,0.57
20191104,20191110,0.44
20191111,20191117,0.55
20191118,20191124,0.50
20191125,20191201,0.30
20191202,20191208,0.35
20191209,20191215,0.39
20191216,20191222,0.40
20191223,20191229,0.42
20191230,20200105,0.62
20200106,20200112,0.56
20200113,20200119,0.47
20200120,20200126,0.52
20200127,20200202,0.50
20200203,20200209,0.38
20200210,20200216,0.30
20200217,20200223,0.36
20200224,20200301,0.28
20200302,20200308,0.25
20200309,20200315,0.29
20200316,20200322,0.52
20200323,20200329,0.39
20200330,20200405,0.30
20200406,20200412,0.30
20200413,20200419,0.43
20200420,20200426,0.37
20200427,20200503,0.21
20200504,20200510,-0.03
20200511,20200517,-0.24
20200518,20200524,-0.43
20200525,20200531,-0.56
20200601,20200607,-0.41
20200608,20200614,-0.46
20200615,20200621,-0.47
20200622,20200628,-0.34
20200629,20200705,-0.20
20200706,20200712,-0.09
20200713,20200719,-0.11
20200720,20200726,-0.12
20200727,20200802,-0.27
20200803,20200809,-0.51
20200810,20200816,-0.56
20200817,20200823,-0.52
20200824,20200830,-0.64
20200831,20200906,-0.73
20200907,20200913,-0.83
20200914,20200920,-0.89
20200921,20200927,-0.99
20200928,20201004,-0.97
20201005,20201011,-0.99
20201012,20201018,-1.20
20201019,20201025,-1.43
20201026,20201101,-1.70
20201102,20201108,-1.70
20201109,20201115,-1.38
20201116,20201122,-1.29
20201123,20201129,-1.36
20201130,20201206,-1.36
20201207,20201213,-1.20
20201214,20201220,-1.13
20201221,20201227,-1.10
20201228,20210103,-1.05
20210104,20210110,-1.06
20210111,20210117,-1.09
20210118,20210124,-1.04
20210125,20210131,-0.87
20210201,20210207,-0.79
20210208,20210214,-0.87
20210215,20210221,-0.84
20210222,20210228,-0.98
20210301,20210307,-0.93
20210308,20210314,-0.65
20210315,20210321,-0.73
20210322,20210328,-0.75
20210329,20210404,-0.83
20210405,20210411,-0.75
20210412,20210418,-0.68
20210419,20210425,-0.66
20210426,20210502,-0.54
20210503,20210509,-0.43
20210510,20210516,-0.46
20210517,20210523,-0.34
20210524,20210530,-0.35
20210531,20210606,-0.27
20210607,20210613,-0.15
20210614,20210620,-0.09
20210621,20210627,-0.06
20210628,20210704,-0.00
20210705,20210711,-0.08
20210712,20210718,-0.13
20210719,20210725,-0.23
20210726,20210801,-0.27
20210802,20210808,-0.28
20210809,20210815,-0.26
20210816,20210822,-0.36
20210823,20210829,-0.38
20210830,20210905,-0.31
20210906,20210912,-0.27
20210913,20210919,-0.41
20210920,20210926,-0.47
20210927,20211003,-0.64
20211004,20211010,-0.76
20211011,20211017,-0.89
20211018,20211024,-1.04
20211025,20211031,-1.21
20211101,20211107,-1.11
20211108,20211114,-0.99
20211115,20211121,-0.97
20211122,20211128,-0.94
20211129,20211205,-0.98
20211206,20211212,-1.04
20211213,20211219,-1.04
20211220,20211226,-0.99
20211227,20220102,-1.04
20220103,20220109,-1.08
20220110,20220116,-0.96
20220117,20220123,-0.89
20220124,20220130,-0.76
20220131,20220206,-0.70
20220207,20220213,-0.80
20220214,20220220,-0.90
20220221,20220227,-0.98
20220228,20220306,-1.19
20220307,20220313,-1.26
20220314,20220320,-1.29
20220321,20220327,-1.23
20220328,20220403,-1.13
20220404,20220410,-1.18
20220411,20220417,-1.23
20220418,20220424,-1.20
20220425,20220501,-1.26
20220502,20220508,-1.25
20220509,20220515,-1.24
20220516,20220522,-1.15
20220523,20220529,-1.04
20220530,20220605,-1.00
20220606,20220612,-0.84
20220613,20220619,-0.76
20220620,20220626,-0.68
20220627,20220703,-0.63
20220704,20220710,-0.60
20220711,20220717,-0.58
20220718,20220724,-0.64
20220725,20220731,-0.61
20220801,20220807,-0.71
20220808,20220814,-0.75
20220815,20220821,-0.92
20220822,20220828,-0.91
20220829,20220904,-0.95
20220905,20220911,-0.98
20220912,20220918,-0.99
20220919,20220925,-0.98
20220926,20221002,-0.96
20221003,20221009,-0.91
20221010,20221016,-0.90
20221017,20221023,-0.93
20221024,20221030,-1.05
20221031,20221106,-1.15
20221107,20221113,-1.09
20221114,20221120,-1.10
20221121,20221127,-1.03
20221128,20221204,-0.91
20221205,20221211,-0.96
20221212,20221218,-0.93
20221219,20221225,-0.88
20221226,20230101,-0.74
20230102,20230108,-0.77
20230109,20230115,-0.73
20230116,20230122,-0.70
20230123,20230129,-0.68
20230130,20230205,-0.63
20230206,20230212,-0.67
20230213,20230219,-0.65
20230220,20230226,-0.43
20230227,20230305,-0.35
20230306,20230312,-0.14
20230313,20230319,-0.04
20230320,20230326,-0.20
20230327,20230402,-0.19
20230403,20230409,-0.15
20230410,20230416,-0.02
20230417,20230423,0.13
20230424,20230430,0.26
20230501,20230507,0.30
20230508,20230514,0.43
20230515,20230521,0.53
20230522,20230528,0.50
20230529,20230604,0.70
20230605,20230611,0.91
20230612,20230618,0.85
20230619,20230625,0.94
20230626,20230702,0.96
20230703,20230709,1.03
20230710,20230716,1.06
20230717,20230723,1.15
20230724,20230730,1.23
20230731,20230806,1.28
20230807,20230813,1.37
20230814,20230820,1.43
20230821,20230827,1.55
20230828,20230903,1.60
20230904,20230910,1.67
20230911,20230917,1.68
20230918,20230924,1.69
20230925,20231001,1.61
20231002,20231008,1.57
20231009,20231015,1.57
20231016,20231022,1.69
20231023,20231029,1.72
20231030,20231105,1.78
20231106,20231112,1.70
20231113,20231119,1.75
20231120,20231126,2.03
20231127,20231203,1.99
20231204,20231210,1.97
20231211,20231217,1.94
20231218,20231224,1.97
20231225,20231231,2.02
20240101,20240107,2.01
20240108,20240114,1.85
20240115,20240121,1.71
20240122,20240128,1.61
20240129,20240204,1.72
20240205,20240211,1.64
20240212,20240218,1.50
20240219,20240225,1.45
20240226,20240303,1.39
20240304,20240310,1.37
20240311,20240317,1.08
20240318,20240324,1.15
20240325,20240331,1.06
20240401,20240407,1.20
20240408,20240414,0.79
20240415,20240421,0.77
20240422,20240428,0.70
20240429,20240505,0.53
20240506,20240512,0.33
20240513,20240519,0.27
20240520,20240526,0.13
20240527,20240602,0.06
20240603,20240609,0.21
20240610,20240616,0.19
20240617,20240623,0.27
20240624,20240630,0.37
20240701,20240707,0.31
20240708,20240714,0.24
20240715,20240721,0.16
20240722,20240728,0.17
20240729,20240804,0.03
20240805,20240811,0.15
20240812,20240818,0.07
20240819,20240825,0.13
20240826,20240901,-0.01
20240902,20240908,-0.08
